Calculate result of 2+x
x: 1 y: 3.000000
x: 2 y: 4.000000
