Calculate result of (21313231-3242)*322-2341^1+4234232+1*12424
x: 2 y: 6866060773.000000
x: 3 y: 6866060773.000000
x: 4 y: 6866060773.000000
x: 5 y: 6866060773.000000
