Calculate result of (34334-43)*2+3^x-43
x: 1 y: 68542.000000
x: 2 y: 68548.000000
